12767
18779
34909
33465
12367
18827
12363
30251
10837
12535
18455
12643
12647
12667
18515
18511
12375
12359
18471
18671
18767
12787
10311
18703
12487
12387
12691
30335
35209
10335
12479
30303
35153
35201
30339
18795
35205
12475
18615
18459
18647
12899
18691
10323
12355
18751
18627
12591
18811
30279
12655
20803
33433
18747
18559
12763
12471
18719
10303
12879
34885
30299
12711
12827
18875
18427
12831
18743
18447
18855
12775
12779
12507
33429
32197
10339
18563
32205
12755
35177
12727
12399
12595
18635
35149
33437
12523
33461
12435
12671
30291
35165
12483
18639
35181
12447
12443
12299
18431
12855
18587
12847
12631
12419
18499
34897
12511
12351
12331
18799
34901
18663
10829
10881
18787
12739
18495
12683
46293
12515
12371
12583
10319
33441
12411
46289
18763
12463
12871
18775
30271
10869
18443
12907
18603
18575
10331
12587
12427
12339
10865
12891
10873
18619
34893
12495
12659
18439
12843
10861
12343
18651
18567
12539
12327
32209
12519
12579
34925
12323
12459
10343
12819
10857
12531
12467
18659
12391
32217
18879
18707
18519
35161
12679
35213
18863
18527
12719
18451
30311
18467
12431
10291
30295
33453
12747
18475
12563
18571
18539
18415
18643
33457
18699
12663
35169
12335
12603
27385
12695
12555
18675
18715
18487
33449
18819
12735
18543
12687
12799
18679
34921
12407
12743
12575
34913
46285
10295
12615
12887
34917
12395
12415
18555
18871
34889
18727
18711
12875
12715
12621
12859
12815
12699
12491
18807
10849
12383
33469
27389
18695
12723
12571
18479
18551
12751
12883
32201
18655
10299
30255
12551
12803
18595
18419
33425
12651
12807
12835
12675
35185
12611
18611
30331
18735
18755
12851
12811
10327
10315
18883
12347
10833
18731
18759
33445
18839
18547
32213
18831
12895
12759
18683
12503
35193
12731
10841
10877
10853
35197
18847
12547
46281
12439
10845
10307
18523
32221
18815
18483
18423
12867
20807
18535
12423
12607
18599
12795
18579
12627
12771
35173
12783
18631
18583
35157
12839
35189
18491
12863
12703
12823
12403
12903
34905
12635
12567
34929
18723
12559
18507
12527
12451