78611
82443
86407
87167
84999
222351
83647
86907
81615
80291
222651
244347
88315
244187
80027
88303
229175
85879
247295
55431
88941
88491
81395
244459
244279
81811
82499
85271
89469
86047
244247
85615
79051
86547
86255
83315
88603
228971
83763
83031
79607
86987
223023
56721
87423
79371
222643
244219
90101
87279
83443
56105
79735
229079
222547
228843
239471
244423
81063
79863
55451
235967
203789
89229
56417
244191
87267
87091
85459
222515
248165
78371
78327
86063
85051
222759
89525
81087
222923
82683
84935
55811
82031
55651
86951
198421
87655
83127
89489
84631
83839
79211
78179
88587
88643
222319
82795
83883
88067
86623
86115
83843
88823
87559
228799
82671
87539
244487
88827
228835
203833
87159
81591
83171
83591
223063
81107
88759
89089
55771
82011
80019
55587
56329
78443
244471
244135
87291
83827
85491
222755
229003
79911
244483
55839
88451
82407
81011
83251
82727
56345
79563
87383
87059
79243
78171
87151
79143
55823
86607
82107
55371
89653
85543
84587
55407
89265
81755
55899
87075
89645
86243
244203
84183
83143
84795
56229
228991
85571
222587
82959
244239
89057
89345
78035
86395
79671
82591
87339
78583
84263
82475
85019
229067
84059
78431
78587
85711
222835
81735
244123
56201
86935
81631
82623
56153
55487
84019
84575
198409
86631
55923
244515
81827
87835
81955
86919
56003
89413
85075
80071
80127
78079
79495
81075
81071
82083
81663
88127
56369
83979
86979
83303
78043
55627
86811
55367
87599
78111
86839
223019
87083
55911
222511
84191
86031
79315
89329
244127
81047
81411
82843
198449
222891
86643
85815
84859
244235
86179
81371
85371
222927
79603
55571
86859
83711
228935
84207
83015
89425
87487
81831
239211
89801
80871
83159
81979
78719
56125
79855
203745
79275
78411
85015
79011
83947
55323
229159
88667
87007
244431
229055
56397
86347
78195
88507
83331
89837
84451
83583
89061
228979
55967
79343
85091
88563
87067
88075
89305
55491
78635
228987
248129
228967
244371
79751
82659
229019
82743
86475
55707
79995
55295
55807
56761
89333
81943
81907
84987
79355
81931
90117
235917
79883
82071
88047
228767
79899
83271
55383
88953
84703
81307
86379
78395
222951
82411
79555
56561
86307
78215
88043
85979
87575
86691
80099
79579
89141
81567
86743
79411
88933
81243
87319
55755
55415
85915
84051
222975
84187
87403
84327
82503
88091
198429
85947
80307
81535
89313
85835
86263
82483
88691
86107
198437
79259
89401
87583
84283
55435
84475
84919
81363
87379
55607
86127
81779
83887
87535
87939
89745
56173
80939
82079
222879
85007
83895
222955
244407
82835
79291
83399
55663
82543
86483
87055
89397
79715
81479
78071
87303
79339
83123
88051
81851
79247
79843
86651
83095
90033
55655
55995
85071
244331
84391
55719
89033
83203
82563
79399
222551
89761
82875
55943
81987
82747
244351
83923
79219
82347
85527
222803
78031
81431
228903
84727
87203
85751
82267
84343
79323
222799
244507
88945
85379
88559
84211
86167
79387
56597
80971
228883
222763
86439
82063
244139
84647
84635
55999
83751
222703
84139
82067
85659
222943
85135
55603
82159
222443
81095
84291
79847
88099
88731
222639
83211
222535
83907
82007
88639
55331
56409
83503
83695
222427
82263
79239
80259
222663
88997
87103
222795
80431
79199
87179
87019
85687
82131
88811
244439
83319
89805
85883
84759
79271
55891
87327
80935
244339
56065
229147
56393
244375
85587
222739
87347
85083
78791
79759
89813
78603
244231
78867
86735
222495
80079
86679
88311
87547
228807
87947
88011
55935
83747
79359
86019
86479
83559
84063
222567
81835
79547
86283
86155
79079
89973
83227
80091
80931
239699
85215
85295
85455
228759
89049
83371
244311
78911
83723
84171
81747
222707
85607
80387
85343
88957
81911
83395
222411
86999
86371
89497
85939
82787
85079
89293
55315
198405
79439
78619
88439
244107
79351
87287
86863
82315
86903
55971
56177
82963
89733
223003
88283
56713
85691
244527
79251
81679
78779
222903
55591
88571
83673
85919
88831
222559
79767
89989
82979
56325
80947
83655
228871
249047
89981
222627
85227
88275
80199
78815
81295
79207
228983
80891
79891
79723
80035
89165
86711
81783
56141
84195
84075
86959
244227
82075
84895
80203
79575
85799
87015
82903
87439
78143
222395
239393
87011
81467
84839
83599
86759
55895
82895
79539
80003
80335
55567
87459
56553
244499
198465
83859
87171
87647
85699
89549
80227
83255
84663
81083
86795
88123
79499
81971
56385
87467
244523
82051
84743
222479
82911
203805
83731
89717
89581
83415
56261
229155
84975
87299
248157
79471
80359
87051
78995
81455
85579
85099
83983
87163
89237
244251
81639
222363
56293
87191
83279
84107
83039
55623
83927
81251
79795
84983
55903
56633
203765
222487
80011
79075
222779
87351
55423
79823
79039
79527
84421
82511
82087
244403
85039
84271
56023
88735
80827
83307
83047
88555
223059
86339
79139
85267
222767
89833
88575
56337
85367
84531
79347
89725
203785
55507
55579
222403
83183
84023
83295
229099
82819
83175
82663
85399
79571
85167
81203
80855
86423
81183
89025
82419
82807
83975
89125
85975
55991
222527
88763
85995
55611
82491
83115
79235
87427
222359
83423
79903
86971
84883
229087
86751
208743
82571
83823
83527
81015
244143
198461
89309
86111
83795
89621
85131
80407
79103
78187
82551
80039
229139
244307
79147
222311
228751
79267
83963
88459
55479
56333
56181
229023
83151
83431
82371
81795
85519
85827
55275
55863
55915
86143
222451
80287
55355
84835
223067
78643
79395
81131
88391
89509
89273
85059
89041
87855
83239
87615
55827
55515
229131
85355
228891
87703
222323
82719
88551
87651
89529
78907
86011
84899
80135
83043
81935
81319
82567
86099
88567
87247
89493
79467
84403
79831
222539
87295
78859
81343
78119
55987
228855
55875
55483
80815
55531
85263
80427
55523
244255
88695
80339
85707
56049
83167
89701
81471
82991
86675
84659
85011
81031
89097
89249
86879
79987
88083
83467
55327
83099
89245
229171
87671
81387
223051
79551
83615
86963
56341
229183
206603
87215
83555
84239
55803
82487
81275
244467
56145
222355
86367
85695
86923
222367
84515
83491
81151
89829
85043
85287
88925
86431
56007
78103
55975
56297
85931
85435
85067
84123
81039
56401
81571
87263
83707
84863
81975
82471
87199
86123
244163
81359
222467
244399
222863
228975
83807
79263
55599
88159
228763
55595
86687
84479
55583
88163
55447
79367
222747
86279
84827
222679
79687
85647
78075
83403
78955
87207
89341
248137
78599
244367
89253
81199
82851
229179
228819
222447
89353
78667
84571
80267
81807
82615
84891
83623
78967
80995
88913
82983
81439
203773
84723
81219
89385
86659
244463
86359
82587
81379
85395
85163
79775
89085
85531
82879
84867
85439
87363
87903
86219
81375
222667
222983
222439
87871
86059
86195
84335
89133
79019
198381
56037
88787
84159
85119
203729
88703
84147
88355
222471
89797
81187
88631
81331
56305
222391
84275
55375
83287
198393
56169
89069
87107
81703
82319
80023
79583
82467
56277
87275
82619
81983
85731
84963
222967
78975
80919
55907
86275
85443
86223
55439
85663
84469
56373
78775
83003
85319
86291
83459
56109
87031
86151
83519
79231
79651
83063
86647
55511
228951
88719
84331
78407
78359
89873
85191
84951
83383
83935
81839
89849
85111
56225
55379
81179
82523
89769
78959
90057
82815
89153
84619
222343
84639
85575
83355
81723
81927
81727
82679
82359
82711
83247
81819
86175
85139
86131
80143
88263
81959
86007
88547
86247
244343
80383
81407
229083
81843
88739
86835
87111
89029
83375
222423
55391
89277
84339
222695
85539
78979
89361
56193
86203
88055
244355
87863
229015
78731
79587
79975
87071
222339
80119
229167
81883
89693
89789
195647
84527
229043
78691
81523
83835
222499
84735
84851
228707
82899
88917
89261
87183
87687
88973
244391
90149
244519
88819
89809
56189
85759
89517
79731
81315
244183
222459
85603
79167
83551
78675
84047
84655
88679
78659
85483
203825
84643
89149
86207
87543
85103
86663
89453
80059
85415
83195
88707
222503
222887
78935
56133
87063
82155
89465
244295
79283
56349
87343
81579
83311
78927
81855
84135
89777
228735
81715
80183
78591
81923
84407
222435
81271
244263
83579
89013
229119
87555
79163
203769
83359
86227
85507
89857
81231
80399
222991
88751
229191
55783
79543
80083
244383
86171
55443
85143
80343
84267
79203
228719
87227
85907
244211
228875
55951
81863
87187
81647
222743
87115
80903
55471
55687
222483
83879
79451
89289
83571
83019
78627
90133
244119
55879
222999
85791
79071
81415
55959
79463
222407
56015
84219
238931
85187
85171
84907
87255
86231
55307
84747
86199
84455
222379
222963
56185
208839
87691
80331
87419
55615
56765
85467
229187
83147
86075
85639
81587
81491
79335
83815
80911
84783
88675
85899
81671
84947
86827
84463
55759
85871
83547
83263
79151
81899
84671
55919
83943
78207
83283
81119
203817
81683
81267
244115
79003
86783
81583
82139
82439
83103
86387
78751
55643
89821
87375
86563
78063
78695
55547
86327
85047
88487
86187
83639
88799
78739
89173
78631
89841
244535
87283
81159
89629
200589
229051
87311
89633
222635
82463
86455
81287
85387
88179
86767
85911
88635
87095
88743
87035
84427
81895
86967
228887
88171
88499
81707
87907
197025
81155
87483
229107
86415
83871
89773
84843
78423
85511
84775
81239
87355
55871
84911
84767
56389
78247
85247
222647
86103
83855
88243
229143
79303
85303
79559
228995
89197
85619
81419
83767
85763
87623
79059
83087
79631
85275
86695
78175
56041
84371
78843
79379
79779
87639
222583
78947
228879
222563
88921
84247
78795
89729
82259
85851
78127
78595
79027
244491
55267
82023
78403
89393
86319
81427
85335
85223
80367
86555
55867
56057
82167
90085
84871
80279
222531
83059
86871
198433
82811
82823
84819
81103
87407
83451
82515
244455
55679
83967
82339
55463
248217
78351
82103
85819
89365
81667
83971
86499
79479
87235
88223
84691
83439
83847
55835
88579
228931
198385
90157
80371
81167
84763
83911
89953
84731
84235
79183
87039
55575
89325
80999
222519
87463
89045
78039
222375
198401
84111
228731
79627
85675
239707
84719
85855
222543
84667
55779
84387
55671
83339
89565
78715
87139
228811
78163
222387
55403
228747
87571
81771
89349
55427
56717
82935
83783
55763
229127
248229
222615
86043
79691
83687
85679
82143
83495
88195
83535
84807
56061
88627
80987
87143
85315
89225
80423
87811
89737
78191
79967
84611
79983
89541
86595
239711
86491
228771
88651
84591
82927
81259
56281
83083
55339
222715
82019
228839
83939
86039
84603
56769
229111
86911
82907
78151
83483
82115
244283
244267
89533
88531
79419
86427
88347
55855
83347
84131
86775
83223
89997
89685
222383
55539
82859
78427
87935
83235
56117
85551
83683
79159
82431
78347
81459
86947
79679
89749
89545
79743
85407
88299
83511
78919
55399
81447
223007
84779
222771
88969
82415
55319
78107
89865
55563
82095
81731
83199
222431
82603
89317
84091
81383
88583
79851
83575
89321
85903
229151
228715
84967
55359
79331
88147
81503
85475
79431
85811
83991
87155
80835
80275
81007
82855
222675
55859
88775
222775
81603
222791
80319
85755
85743
89949
55955
88815
56273
222783
82383
80327
83119
83075
84787
84255
222579
81499
88383
83803
88591
89473
79043
83627
88139
90037
87335
86583
55551
82539
82375
229071
88427
79287
83191
86943
81423
80159
56413
88795
88623
90109
85723
84903
85775
86139
85147
86191
89373
228999
81627
89217
78839
229039
79443
56217
88535
244159
84711
79591
84487
55527
89605
83851
82827
87819
84083
222591
87659
244303
55287
82091
55271
89817
228787
84179
85635
83999
85195
244131
89601
83507
244195
78875
88327
86331
55419
81887
81919
81323
84295
244199
87023
55535
86703
55619
80263
78663
81699
78895
248581
244451
248185
88031
84203
83387
82995
87567
228815
84931
78807
88539
229007
244363
87475
85207
80151
88747
87643
82771
203761
83611
89213
88715
86635
84679
87243
86135
198453
86895
55931
84651
85651
85927
244179
82323
80147
87251
83595
83179
78055
228775
88723
79807
89381
244479
84231
87135
82799
86119
229059
81575
87587
83111
84771
83663
83995
244447
222751
83791
86939
222947
82459
82607
89181
81939
83743
87951
84875
222971
222787
81739
222659
244323
82951
83603
83567
222687
79927
83299
89681
85831
78343
83831
84955
55363
55927
222331
88543
89713
198473
222455
83275
80163
78091
84799
82611
79519
79879
222655
87315
83631
56129
81871
198469
87359
244411
55343
56073
81859
83067
56077
85719
83027
89869
222335
85523
55411
78939
78051
86215
78687
82939
81879
82931
85583
80123
84243
83899
79815
85987
87043
78903
222907
88711
88767
229027
78439
222419
85383
229075
82255
81695
55815
82271
222899
89661
85311
86575
239703
89437
203777
78419
87591
87595
222631
88107
90161
229095
89705
79835
88771
86267
78083
86931
79707
78891
85199
84855
86591
55503
78391
89405
88371
81991
55703
80907
85027
84495
86071
82027
55291
88699
86055
83411
55335
80375
85807
55883
83447
79523
79459
88399
89389
86459
55819
81139
89269
222671
55387
244291
222895
86003
55543
89689
55831
78823
85451
56149
248201
84175
83391
88779
82479
222919
222491
88783
228939
90077
83919
89053
222607
55979
79175
89337
86803
228847
83155
78771
88937
78899
89673
244111
88115
88961
80863
84199
79511
83267
79535
244387
86927
87367
55559
87675
86411
83487
79047
82059
83435
88035
244427
82427
79007
89757
87079
84127
56029
81311
88199
56113
56165
85535
244435
228743
55555
55947
89001
83727
228831
82163
244147
82111
84607
89501
78335
87027
89969
222711
89021
78783
244287
88989
84823
81211
55475
84751
89845
83079
88727
90049
83051
55887
89433
84915
85563
83987
89285
81915
79619
80283
81283
83243
81967
78415
84803
198417
87451
85943
88807
82923
87127
89557
56137
85863
79383
222347
89093
222871
89161
82179
82211
85479
88267
83379
89101
86571
248561
82647
79067
79667
82631
244531
85715
79179
84579
79507
244503
84675
84791
90125
85951
80959
80395
244395
78047
222883
85655
85219
83719
89369
89157
88595
203741
86163
78023
84811
87415
87607
78999
79787
222911
80031
222859
86447
55283
90001
82055
83363
87507
82691
84071
82975
84165
86091
85339
81787
88415
228823
223055
79187
79643
89649
83523
83703
55847
82123
222699
244511
87087
88791
78651
89441
83891
81335
84439
88985
86995
228727
80223
82755
55455
222915
87959
80415
86619
83455
80295
222315
86403
88423
88659
84831
89613
89185
89505
85887
88071
55843
84923
222987
88663
86867
86915
81815
81303
88683
88443
83427
86079
86715
83539
79299
209041
89189
78923
89593
89241
87099
228947
56011
84079
78655
81067
56601
86391
89377
88803
87603
89669
87447
84755
222683
88671
81607
85063
222931
79131
84979
85351
87663
82531
84887
222995
222463
84115
84287
85003
78931
55351
56353
84595
89741
198425
89005
87047
244207
87119
244223
78879
56565
82447
89205
79639
86027
228923
84507
244379
89201
83231
84055
82863
82243
87323
85403
203757
85327
222571
83091
244327
82547
85087
85179
82599
88167
86067
78759
81635
83011
85667
222691
239403
83135
82579
244259
78639
82943
80155
88063
222371
86887
83351
84027
79711
84739
56549
86087
84067
87667
83515
79595
87579
82955
87699
83323
83499
83471
86095
89521
84483
82003
84939
80895
84215
89357
82947
56197
228827
89537
87531
79931
89785
229011
79699
244443
198413
56557
89853
244335
244299
89485
83479
89861
79531
82455
222555
81891
80051
229031
89765
89297
85235
89721
84815
84523
84003
203733
84995
78239
248237
222475
89877
84143
222611
222599
81875
87003
88259
85547
81027
85055
89017
87387
89793
82971
244315
83787
87563
80195
84015
82219
222523
78435
83055
85627
222575
82127
80847
228795
81823
86287
228739
83475
82507
228943
56405